Video Id,Title,View Count,Length,Channel
nlXqp3FVrq8,"Dalex - Hola Remix ft. Lenny Tavárez, Chencho Corleone, Juhn ""El All Star"" (Video Lírico Oficial)",774 756 075 katselukertaa,4.12,/channel/UCeSCejKJS0W4LTptFuBYU0g
_WmvVJ43RoM,"Dalex - Cuaderno ft. Nicky Jam, Justin Quiles, Sech, Lenny Tavárez, Rafa Pabön, Feid (Video Oficial)",349 902 311 katselukertaa,4.56,/channel/UCeSCejKJS0W4LTptFuBYU0g
2oXhJQ8MezM,केवल 8 साल का बाबू फ़ोजी बनेगा! #Shorts Indore Physical Academy 9770678245,244 355 042 katselukertaa,0.28,/@indorephysicalacademy.
7pCWlPm46Kk,Fun Day Diving and Swimming with Shopkins | Toys Academy,233 251 101 katselukertaa,5.38,/@user-rc7kr9qs4c
0Cuwgzbejdc,"Quizás - Rich Music, Sech, Dalex ft. Justin Quiles, Wisin, Zion, Lenny Tavárez, Feid (Video Oficial)",212 818 619 katselukertaa,3.42,/@RichMusic
kzuBO_SfV2g,Disney Doc McStuffins First Responders Backpack Set with Snuggles | Toys Academy,136 057 935 katselukertaa,7.56,/@user-rc7kr9qs4c
GxAW86JUG0w,"Imaginate - Rich Music LTD, Sech, Dalex ft. Justin Quiles, Lenny Tavárez, Feid, Cazzu",124 814 771 katselukertaa,3.46,/@RichMusic
HarY7vhExPE,ये लड़की की जुनून को देखिएगा😭😭 Indore Physical Academy Shorts Video,115 208 498 katselukertaa,0.23,/@indorephysicalacademy.
BosCoBjZbsw,indian army height measurement gd 170cm लम्बाई || Indore physical academy #army#hight#fitness#short,114 540 090 katselukertaa,0.53,/@vivekpatelfitness
fAgogJz9S6Y,Solid Body फ़ौजी😘 INDORE PHYSICAL ACADEMY 9770678245,109 510 598 katselukertaa,0.25,/@indorephysicalacademy.
iwOJMoVaOe8,"Perreo en la Luna - Rich Music LTD, Sech, Dalex ft. Justin Quiles, Lenny Tavárez, Feid",87 641 340 katselukertaa,3.39,/@RichMusic
bwtj8kKKtzs,"Feel Me - Rich Music LTD, Sech, Dalex ft. Justin Quiles, Lenny Tavárez, Feid, Mariah",84 897 331 katselukertaa,5.01,/@RichMusic
T3UL7382q2k,"Porno - Rich Music LTD, Sech, Dalex ft. Justin Quiles, Lenny Tavárez, Feid",81 260 067 katselukertaa,3.33,/@RichMusic
52ElwgNEjYE,Chatak Matak | Sapna Viral Video- Indore Physical Academy 9770678245,75 443 048 katselukertaa,1.48,/@FoujiFactoryIndore
NcSswijBEeU,Gadar Movie Shooting 🔥 Shorts Video Indore Physical Academy,65 366 474 katselukertaa,0.16,/@FoujiFactoryIndore
8rZJOwXIRyQ,Feel Me,64 578 679 katselukertaa,5.01,/channel/UCte53PewI8_jYpBYn071MqQ
-iaFPcIvpcM,Tạo dáng cá tính khi catwalk | posing personality when catwalk,63 611 309 katselukertaa,0.22,/@bybacademy2208
CwpCDwaI6Gk,Quizas,49 880 755 katselukertaa,3.37,/channel/UCte53PewI8_jYpBYn071MqQ
_ZR_M2u2tRg,Uniforme - The Academy (Video Oficial),43 363 540 katselukertaa,4.44,/@RichMusic
pegn65Jeczs,Indian Army Training Indore Physical Academy shorts #shorts #viral #trending #army #indianarmy,42 768 522 katselukertaa,0.33,/@Technical.suraj.support
