Video Id,Title,View Count,Length,Channel
N1M-GKhY958,Core Destruction - Status Accumulation Cannon,2 013 176 katselukertaa,13.41,/@mikan2d
Hqp-xDj4PdA,Unraveling the Role of Cortisol in Belly Fat Accumulation: A Guide by Dr. Pal,1 886 717 katselukertaa,1.00,/@DrPal
SiN_kah6sN8,"With Just 2 Tsp Get Rid of Phlegm Accumulated  Over The Years In The Lungs, Chest & Throat",1 754 393 katselukertaa,1.35,/@SheCooks
AXDYXGYKEM4,Impaction of rumen l Bloat l अफ़ारा l accumulation of gasses in rumen l anorexia l dr umar khan,1 306 236 katselukertaa,9.01,/@VetSurgery
IphuhkUi9r4,5 Foods That Cause Visceral Fat Accumulation (Pot Belly) - AVOID THEM,1 008 004 katselukertaa,12.00,/@ThomasDeLauerOfficial
CYQ64Babu_Q,Vestige Hindi Fast Start Director Plan & Accumulation Director Plan,674 935 katselukertaa,15.06,/@KanchanThombre
Jmje9djPd5o,Spike Protein Accumulates in Brain and Skull and Causes Damage. Brand New Study,535 136 katselukertaa,56.05,/@DrBeenMedicalLectures
kd2ZFm1DKjc,TeeJay - Accumulation (Official Lyric Video),511 419 katselukertaa,3.15,/channel/UCy1ljgtV9biMMBSSi6eOTvw
fK2QULttcmQ,"The Big Bang Theory 12x18 All Sneak Peeks ""The Laureate Accumulation"" (HD)",441 068 katselukertaa,3.45,/@tvpromos
8sbfrusR5Eo,The ULTIMATE Wyckoff Trading Course,382 917 katselukertaa,1.40.25,/@fractalflowpro
Dn1LLCtTHSg,Vietnamese Alphabet - Lettter Accumulation Method,357 956 katselukertaa,1.18,/@vnisoft
dIT4HTFYGGo,ICT Forex - Accumulation - Manipulation - Distribution,342 343 katselukertaa,19.52,/@InnerCircleTrader
C9G5KgB9Ze4,How To Trade Like Banks Using Accumulation & Distribution | WYCKOFF Trading Course For Beginners,256 468 katselukertaa,12.37,/@TheSecretMindset
VHBizVvcKyM,TRAFFIC ACCUMULATION - Cities Skylines: Ep. #6 - RTAM City,248 447 katselukertaa,22.18,/@Nathans-Sandbox
I2GEER_89q0,Premier by Etiqa | Wealth Accumulation,217 234 katselukertaa,0.30,/@etiqasg
QmGuL45fTHQ,"Every sweat is the accumulation of success, take every class seriously, learning dance is not easy.",213 449 katselukertaa,1.58,/@SaSaLi
VEYh7eNtVro,Market maker accumulation process,204 746 katselukertaa,9.51,/@MarketMakerTradingMethod
75JnuJUSNwo,Cash Flow Statement Class 12 Accounts Term 2 Accumulated depreciation Accounts Adda Gaurav Jain,183 130 katselukertaa,19.24,/@Commerceking-accountsadda
6tdh-byzCk8,Conveyor Accumulation Buffer,178 151 katselukertaa,0.53,/@PaxonaSFT
ZqeTPPD9GQw,"Crypto News: ETH, SOL, Bitcoin Accumulation, FTX, Oil Caps & More!",174 040 katselukertaa,25.16,/@CoinBureau
