Video Id,Title,View Count,Length,Channel
KuoQAsQFFV4,PATE MUSTAJÄRVI: Veljeni Anton (official music video),267 428 katselukertaa,7.10,/channel/UCei746kQsr86LJz3fPhMxyg
iC95VzD7ALs,Wow! JWST Finds Possible Alien Biosignatures On K2-18b Water Planet,119 646 katselukertaa,13.37,/@whatdamath
cN5TsH-ilL8,8-vuotias Anton pääsi esiintymään suuren idolinsa Jorma Hynnisen kanssa -    'Veteraanin iltahuuto',22 767 katselukertaa,1.50,/@waltherothor7784
1uEvL9cbze4,Study Completely Refutes Younger Dryas Impact Hypothesis,116 534 katselukertaa,19.14,/@whatdamath
gjQBsCqtfcs,Anton Ishutin – Gone (Music video),76 133 547 katselukertaa,9.22,/@120bpm_music
sWOUi0PVTXw,Dj Otzi - Anton Aus Tirol,5 150 707 katselukertaa,3.12,/@rdwebify
A7gJiNFfdn4,Oscar Anton - ophelie,1 459 226 katselukertaa,3.57,/channel/UCMu7q-D4nxTUCr6gCoUk-cQ
xILHlYadgoY,Oscar Anton - bye bye,3 146 496 katselukertaa,3.28,/channel/UCMu7q-D4nxTUCr6gCoUk-cQ
q5DvUcvgXhs,Anton Ishutin – Kick It (Original Mix) Music video,32 792 001 katselukertaa,7.35,/@120bpm_music
roVkeSK_59Y,Pull-ups Record vs Free Fall,21 937 katselukertaa,10.07,/@AntonFomenko
Yse49eA6TRc,Anton Ishutin - Say It's Over,5 662 031 katselukertaa,5.32,/@120bpm_music
W3Raef9CcNg,Oscar Anton - play and rewind,1 607 426 katselukertaa,3.39,/channel/UCMu7q-D4nxTUCr6gCoUk-cQ
x5pS8_Ee7bc,Japan That Will Blow Your Mind. The Weirdest Modern Country,341 999 katselukertaa,43.47,/@Antonsomewhere
YvNMQjP6qE4,Canada: emigration & beauty. Grand Episode.,54 059 katselukertaa,53.25,/@Antonsomewhere
aNXuChgP8do,Unexplained Cosmic Explosions That Don't Look Like Any Supernovae,83 386 katselukertaa,13.41,/@whatdamath
bdu1iUgM5c8,Anton aus Tirol (feat. DJ ÖTZI),4 854 290 katselukertaa,3.50,/channel/UCv-LSCzk64M7Ri9pkzqsiQg
