Video Id,Title,View Count,Length,Channel
c1nxybAdkzM,How To Bind An Unresponsive Yoyo! | Angel2Up,183 626 katselukertaa,2.23,/@Angel2Up
P_rWz2Oechg,How to Bind a Yoyo - Basic and Intermediate Binds for Unresponsive Yoyos,916 671 katselukertaa,7.27,/@yotricks
jQysXkS3GPw,Ties That Bind - Full Movie | Thriller Movies | Great! Action Movies,3 574 609 katselukertaa,1.25.44,/@greatmoviesaction
xXg8A_80ztE,How to Play The NEW BIND like the Pro's! - VALORANT Map Guide!,33 997 katselukertaa,8.35,/@proguidesvalorant
GSVd1zsSCuU,"BIND. - ""No Guilt"" (Official Music Video) | BVTV Music",22 491 katselukertaa,4.09,/@BVTV
9TyolMdIjsg,BIND GUIDE.,89 609 katselukertaa,21.08,/@Woohoojin
q2WAdesflbk,Your Ultimate Bind Premier Guide,94 526 katselukertaa,58.45,/@ThinkingMansValorant
1dNZQmgaLMc,Howling - 'Bind' (Official Video),158 246 katselukertaa,4.13,/channel/UCMgR1hMi7HugWyRaC5X46SA
HzpHpSiqfrY,Howling - 'Bind (Rampa Remix)' (Official Video),282 845 katselukertaa,6.19,/channel/UCMgR1hMi7HugWyRaC5X46SA
0vCWpxBRs20,The Ultimate Quilt Binding Tutorial with Jenny Doan of Missouri Star (Instructional Video),4 708 007 katselukertaa,16.52,/@MissouriQuiltCo
nOyGPFCp_r8,How to Bind your Yoyo like a Pro,128 418 katselukertaa,8.39,/@thebrandonvu
lAtGnUtv6Ps,How to bind a yoyo (return an unresponsive yoyo to your hand),46 715 katselukertaa,2.22,/@EvanNagao
5obR0RVCPa0,Learn Adam's Favorite Binds - Advanced Yoyo Tricks,183 131 katselukertaa,10.07,/@yotricks
cs0o_Q7gT7M,The arcade side of Valorant ranked (& BIND gameplay),445 290 katselukertaa,12.41,/@AverageJonas
onjcpIz4xgo,Brilliant Machine Binding Method,197 505 katselukertaa,11.28,/@merrymabelmarket
5yrLLpP0uR8,RADIANT Killjoy Guide on BIND [SETUPS + LINEUPS],89 760 katselukertaa,15.36,/@CaMbCaMb
3V21hmF_55Y,Bind - SLUSNY Yoyo Tutorials,288 998 katselukertaa,1.35,/@slusnynet
DjnJ4xRlcmU,10 USEFUL CS2 BINDS THAT WILL HELP YOU IMPROVE TODAY,15 633 katselukertaa,5.31,/@nartouthere
4ueQKdjahrA,Unforgettable Viper Lineups on BIND (NEW) | VALORANT,245 421 katselukertaa,5.27,/@LineupsGuideYT
mZwJMyVwn0o,NRG are CHEATING Bind With THIS 1 AGENT! - Pro VALORANT Breakdown | NRG vs. FURIA,283 986 katselukertaa,24.05,/@TeetsTV
