Video Id,Title,View Count,Length,Channel
omh80wxyVJA,CHUBBY 🎵 FGTeeV Official Music Video (ICE SCREAM ROD SONG),13 923 192 katselukertaa,8.03,/@fgteev
InjAIlwpdCQ,Chubby Cheeks Nursery Rhyme - Love All & Help All - Fun Learning Videos for Babies by ChuChu TV,1 258 822 katselukertaa,2.33,/@ChuChuTV
SLQgHY11IeI,Popa Chubby - Nobody Loves Me Like I Love Myself.mpeg,2 663 636 katselukertaa,10.48,/@blues4jo
brD593xWfDM,Roblox Great School Breakout! Escape the Chubby Teacher! (FGTeeV),4 536 056 katselukertaa,10.53,/@fgteev
WW9G_9nZlSM,POPA CHUBBY  - Hey Joe ! Rockpalast [HDadv] Nov. 2011,15 926 280 katselukertaa,7.02,/@MikeNadiBluesRock
mpKsqAn9vfY,VETERAN ALREADY?! Steelix and His Cute Chubby Squirrel Buddy Get Me to Veteran Early Season!,451 katselukertaa,16.44,/@taffystar
EBz7k90VSsM,Chubby Behemoth #162 - Spuds In Paris with @samtallent & @NathanLund,6 922 katselukertaa,1.09.49,/@chubbybehemoth3722
vzP6BtOo-l0,Making HUGGY WUGGY Chubby Wubby! He's Back in MY HOUSE! (FGTeeV Survive the IMPOSTOR Distractions),20 782 888 katselukertaa,8.48,/@fgteev
E1o3cbLYoIY,Chubby Checker   Let's Twist Again,5 673 981 katselukertaa,2.21,/@tominoff
YhQWSW_AXAs,Popa Chubby - Rollin' and tumblin' (Official Video),3 033 073 katselukertaa,5.43,/channel/UCoyv25s_X04DZTHNxGPxLgA
gJWdFshK-pk,Popa Chubby - Sympathy For The Devil - Don Odells Legends,4 906 665 katselukertaa,11.55,/@dodell590
sCe9R3PRgcg,Bride's Mother Thinks She's Too Chubby... | Say Yes to the Dress | TLC,253 818 katselukertaa,9.04,/@TLC
6T8iLKntXoE,CHUBBY BOYY ♡         [past+present],187 256 katselukertaa,0.38,/@MayorMoqa
42BPapM3g6E,"Chubby Cheeks, Dimple Chin Nursery Rhyme | Popular Nursery Rhymes Collection by ChuChu TV",70 121 815 katselukertaa,29.08,/@ChuChuTV
ww-gXnR1UT0,Robbie Tripp - Chubby Sexy (Official Music Video),1 154 294 katselukertaa,4.04,/channel/UCIPiBCHdNZAqYC1EuYrm_ng
-CCgDvUM4TM,Chubby Checker - The Twist (Official Music Video),4 357 618 katselukertaa,2.37,/channel/UC9174PS-AngzlCbgFlv9uWQ
PFEP3q688C0,Chubby Girl | Davy | Simar Kaur | Gur Sidhu | Pranjal Dahiya | Latest Punjabi Songs 2023 | New Song,13 394 236 katselukertaa,4.03,/@timesmusicindia
vKQyJIKcTzU,Ray G - Chubby [Official Lyrics Video],21 986 katselukertaa,2.46,/channel/UCCbvim9C7NaKGPfFDpcDNFQ
inXkUvHjhek,A Man Ate 8 Pound Burger In 30 Minutes. This Is What Happened To His Organs. ft @GugaFoods,1 464 978 katselukertaa,13.04,/@chubbyemu
