Video Id,Title,View Count,Length,Channel
-4NXxY4maYc,"Explaining Digital Video: Formats, Codecs & Containers",223 574 katselukertaa,14.43,/@ExplainingComputers
RqxeNmg4Wbo,What is a Codec and What Does it Do?,14 641 katselukertaa,2.34,/@EyeonTech
GhWki9a7s18,What is a Codec as Fast As Possible,438 675 katselukertaa,5.08,/@techquickie
OMS4CkAHx5w,Codec & Flexor - Time Has Changed (Original Mix) (HQ),351 369 katselukertaa,6.50,/@c.sancezz
sisvOeZItb0,How to Understand Codecs,255 678 katselukertaa,8.14,/@BandH
cfz3jwdo1v0,Understanding Video Codecs (Why Some Footage is So Hard to Edit),48 169 katselukertaa,11.24,/@ChrisOlson2
1rN3X1MwbXc,Trap Lacrimosa,442 936 katselukertaa,3.13,/channel/UC-zNp6ZLagdd4AVfYehNd9g
6hps9gi67Y0,Testing - new setup - CyberPunk2077,25 katselukertaa,25.26,/@SgtDrayke
12e0QaDO3Q4,What video codec is right for me?,5 362 katselukertaa,10.08,/@poweredbyowc
-dwLs9juzWw,WHAT CODEC SHOULD I USE? | adult swim smalls,132 038 katselukertaa,6.06,/@adultswim
e9sObZ7ejrI,Codec,294 175 katselukertaa,6.02,/channel/UCPNokRZ9hacjIQ3IQL6HNUQ
paUpN5ITbCs,"DON'T choose the WRONG CODEC for Sony FX30, A7IV, FX3, A7RV",137 319 katselukertaa,9.30,/@JasonMorrisphotocinema
DAuw1ZYtljA,What are codecs? - Video Tech Explained,5 163 katselukertaa,8.39,/@VideoTechExplained
lUMShDtL3J0,Trap Vivaldi (Winter),421 389 katselukertaa,2.33,/channel/UC-zNp6ZLagdd4AVfYehNd9g
IKG26MFIB50,Codec - Is It Something,194 606 katselukertaa,5.26,/@subsoul
7YQ1mikDhIo,Video Codecs 101,34 240 katselukertaa,2.30,/@louquillio9513
XvoW-bwIeyY,"Video Formats, Codecs and Containers (Explained)",313 442 katselukertaa,12.29,/@qencode8853
UBHIHdMSDhM,Fix missing codec 0xc00d5212 windows 10 / windows 11,7 234 katselukertaa,1.44,/@ITMagics
h07nRtReqQ0,CODEC - Bifurcate [OFFICIAL MUSIC VIDEO],20 471 katselukertaa,4.10,/@CodecBand
