Video Id,Title,View Count,Length,Channel
Wi-ZpBebSGk,Ill Considered - LIVE NOT LIVE - No.1 - 2020,28 195 katselukertaa,42.15,/@newsoil
shHSy6fSx6c,Ill Considered - Improvisation I live@Le Guess Who? 2018,15 195 katselukertaa,4.22,/@vrijegeluiden
z6v5xvPcG3g,Gorguts - Considered Dead 1991   Full Album,284 274 katselukertaa,38.11,/@deicidemonsterrock4680
kqtCekkWmig,Ive considered steroids - Jubilee React #22,3 170 592 katselukertaa,18.44,/@PewDiePie
R0gnhdyhsJ4,Ill Considered - THE STROKE,18 613 katselukertaa,6.27,/@ProvedRecords
66PEpvwK3HY,What's Considered Poor In Singapore? | Street Interview,949 396 katselukertaa,13.21,/@AsianBoss
CExcK4VAd5k,"The Guy Was Considered A Poor Programmer, But Thanks To The Bug He Became A Master | Manhwa Recap",78 577 katselukertaa,3.01.55,/@ka_nezuko
HwKwBNxFd-o,ILL CONSIDERED - ILL CONSIDERED 3 [Full Album],80 471 katselukertaa,35.45,/@ProvedRecords
zLCNxkqvJBE,Ill Considered - IC1 | Full Album (Official Audio),999 katselukertaa,37.18,/@newsoil
kJdfEU94Jxw,Ill Considered - Sunday Morning live@Le Guess Who? 2018,4 671 katselukertaa,3.45,/@vrijegeluiden
kbXXXP7mrgE,"Arc Of Life - ""All Things Considered"" - Official Music VIdeo",16 742 katselukertaa,5.29,/@frontiersmusicsrl
eKp2z7vJCNA,Why aren't Koalas considered bears: @cloodatious #vrchat #furries #funny,2 865 katselukertaa,0.14,/@JagerDerRex
a2lp9SO4t14,SLEEP SPIRIT - CONSIDERED,65 306 katselukertaa,3.09,/@fallrelish
O5qP3V4rsjY,Regarded As & Considered  [Confusing English Words],14 725 katselukertaa,7.11,/@JForrestEnglish
mlCaACcHJnc,Ill Considered - IC2 | Full Album (Official Audio),1 000 katselukertaa,1.22.11,/@newsoil
fBdLwsuOeZs,SIMON PHILLIPS & PROTOCOL 4 / ALL THINGS CONSIDERED - STUDIO LIVE SESSION - LITTLE BIG BEAT STUDIOS,228 344 katselukertaa,7.38,/@OtmaroRuiz2020
-YPiOM2yv3o,Ill Considered - Live not Live - Vol.2 - UnEvensong,3 417 katselukertaa,42.55,/@newsoil
c6Sd23y7Ib0,Considered | Meaning of considered 📖 📖 📖 📖 📖 📖,3 813 katselukertaa,0.42,/@MeaningOfTheWords
clel14wSfTo,Ill Considered - Ill Considered 6 [Full Album],15 036 katselukertaa,35.58,/@ProvedRecords
5njPSBXk29E,ILL CONSIDERED 9 - East / West [Full Album],9 843 katselukertaa,1.47.58,/@ProvedRecords
