Video Id,Title,View Count,Length,Channel
WwZKrjuSMNI,Visit Hampshire Welcomes You,23 813 katselukertaa,2.03,/@LoveHampshire
gg6DDku6utQ,Escape to the Country S16E28 - Hampshire,31 225 katselukertaa,43.38,/@Escape.to.the.Country
yGQzE3slJf8,"BEST THINGS TO DO IN HAMPSHIRE, ENGLAND",3 262 katselukertaa,3.02,/@AnAdventurousWorld
KBJHDSUkXSs,"Inside a 10 Bedroom £9,000,000 Estate in Hampshire With 22 Acres",147 570 katselukertaa,31.49,/@TheLuxuryHomeShow
QN1_NtGIDrg,"The Prettiest Villages In England - East Meon, Hampshire",93 450 katselukertaa,5.14,/@MemorySeekers
U_QH2ksWJKo,New Hampshire Travel Guide - White Mountains & Lake Winnipesaukee,754 370 katselukertaa,23.21,/@TampaAerialMedia
jtbooHzt9Mg,Hamble Le Rice - Pretty Yachting Village in Hampshire England,12 381 katselukertaa,4.29,/@MemorySeekers
xPcwkpaP2jg,Hampshire Accents & Dialect - From the Very Traditional to Today,3 610 katselukertaa,5.01,/@BritishNativeSpeaker
ZtDb0YJkCYw,Visit Hampshire: Things to do and Experiences,14 635 katselukertaa,1.27,/@LoveHampshire
715WJtRlBYc,"Live Stream: Hampshire v Somerset - LV= County Championship, Day Four",16 468 katselukertaa,5.00.15,/@HantsCricket
hzKcOOIm1oE,New Hampshire Tourist Attractions - 10 Best Places to Visit in New Hampshire,47 827 katselukertaa,11.41,/@USHistorians
dNAybIf_ftw,"Live Stream: Hampshire v Somerset - LV= County Championship, Day Three",21 058 katselukertaa,7.29.29,/@HantsCricket
Ok8tayXKAP4,"HAMPSHIRE, ENGLAND ROAD TRIP  ◆  UK TRAVEL VLOG  ◆  WINCHESTER, PORTCHESTER CASTLE, & SOUTH DOWNS!",6 211 katselukertaa,17.20,/@MeansToTravel
51huQrpB7ss,Escape to the Country Season 2022 | Hampshire Series 13 - 68🏠 Full Episodes,58 197 katselukertaa,42.18,/@bbtech3935
P-I7SeOYJ0s,Live Stream: Hampshire v Worcestershire Rapids - Metro Bank One Day Cup Quarter-Final,135 497 katselukertaa,7.15.48,/@HantsCricket
_14m_oTuLg4,🔴 LIVE: Lancashire vs Hampshire | Metro Bank One Day Cup,76 598 katselukertaa,7.17.16,/@LancashireCricketTV
-9rTGpiJ6tY,"Live Stream: Hampshire v Somerset - LV= County Championship, Day Two",21 747 katselukertaa,7.51.40,/@HantsCricket
NS6E_0IQZN8,WALKS IN HAMPSHIRE : WHERWELL & CHILBOLTON,6 488 katselukertaa,23.23,/@DaveFord
