Video Id,Title,View Count,Length,Channel
TmRgK-pXH9c,Official Video: Humnava Mere Song | Jubin Nautiyal | Manoj Muntashir | Rocky - Shiv | Bhushan Kumar,893 382 907 katselukertaa,6.47,/@tseries
SA7AIQw-7Ms,G-Eazy & Halsey - Him & I (Official Video),694 095 772 katselukertaa,4.47,/channel/UCBkNpeyvBO2TdPGVC_PsPUA
JHLMP_iQWGo,"Hài Tết Trấn Thành HẺM CỤT -Tập 1| TIẾNG LÀNH ĐỒN XA | Lê Giang, Dương Lâm, Quốc Khánh, Lộ Lộ, AQuay",34 293 503 katselukertaa,44.23,/@TRANTHANHTOWN
TnMrrg9ssXA,"HẺM CỤT FULL- TRẤN THÀNH | NS NGỌC GIÀU, NS VIỆT ANH, LÊ GIANG, DƯƠNG LÂM, QUỐC KHÁNH, LỘ LỘ, A QUAY",29 303 361 katselukertaa,3.20.05,/@TRANTHANHTOWN
xPrIFCTHicw,"Hài Tết Trấn Thành HẺM CỤT -Tập 2 | NGƯỜI VĂN MINH | Lê Giang, Dương Lâm, Quốc Khánh, Lộ Lộ, AQuay",26 041 138 katselukertaa,42.08,/@TRANTHANHTOWN
IqQWhwh17mk,Niloya Hem Sıcak Su ile Hemde Soğuk Su ile Yıkanıyor - Niloya Çizgi Film,22 911 585 katselukertaa,12.02,/@oyuncaksekeri
vLfB38iI2lA,"Hài Tết Trấn Thành HẺM CỤT - Tập 3 | GIA ĐÌNH, GIA ĐÌNH | Ngọc Giàu, Việt Anh, BB Trần, Hải Triều",20 208 002 katselukertaa,39.29,/@TRANTHANHTOWN
YBN6_nKStZg,"Hài Tết Trấn Thành HẺM CỤT -Tập 4 | THẾ GIỚI TRÊN MÔI |Lê Giang, Dương Lâm, Quốc Khánh, Lộ Lộ, AQuay",17 466 558 katselukertaa,39.39,/@TRANTHANHTOWN
l3LpC22F2Ww,"HẺM CỤT TẬP CUỐI | TRANH THỦ YÊU THƯƠNG | NS Ngọc Giàu, Trấn Thành, Lê Giang, Dương Lâm, Quốc Khánh",17 068 453 katselukertaa,43.27,/@TRANTHANHTOWN
xBcyvkRDAtE,Sew the hem of a skirt drawstring,11 029 479 katselukertaa,0.17,/@BrilliantArt
w-wc4IASCr8,Rupert Holmes   Him   Con letra en Español,10 661 615 katselukertaa,3.37,/@lozleo
zFeLzscngJY,How To Sew Rolled Hems with the Narrow Hemmer Foot,8 772 557 katselukertaa,6.31,/@thecolorfulworldofsewing8291
vZd0BSVf1-4,হেম মাহাতো ছৌনৃত‍্য !! Hem chandra mahato famous chaudance,8 770 641 katselukertaa,15.38,/@SMCREATION560
eFmBoVYO0dQ,DJ MUSKURANE X LALALA INDIA X HEM TELEBIM || VIRAL TIKTOK!!! (DJ IMUT REMIX),8 581 710 katselukertaa,5.02,/@djimut5775
wIB4VdtemcU,Hem De Hamile Bir Kadına! | Oğlum Bak Git #shorts,7 228 740 katselukertaa,0.44,/@FilmAdresi
rL_XwdHxK_w,Efektin adını merak edenler instagram gelin yazın hem sohbet edelim hemde öğrenmiş olursunuz ♥️,5 816 222 katselukertaa,0.15,/@GultekinAilesi
XzMuCfZ5XHU,Real Petrol ⛽ Prank On Mariya Bestfriend || Gone Wrong😡💔💔 || Hem Yadav,5 163 569 katselukertaa,15.11,/@hem_yadav.08
jmG49HwNEzY,How to hem jeans in 5 minutes while keeping the original hem!,5 121 233 katselukertaa,3.28,/@miarti.sewing
AUiSanz_JzA,"Jeans are too long at the hem, shorten it with this sewing method",4 826 627 katselukertaa,1.00,/@BrilliantArt
P02Mne95-s8,How to Hem Jeans While Keeping Original Hem,4 458 981 katselukertaa,10.35,/@ProfessorPincushion
