Video Id,Title,View Count,Length,Channel
QxtlQnA3huU,inconsistent ft. sewerperson (official music video),8 785 katselukertaa,3.04,/@forgetfulofficial
bZGuHJLMxUo,The Flash is Infuriatingly Inconsistent - Season 4,1 496 099 katselukertaa,3.00.01,/@Madvocate
c9Xh7_XvnFI,The Flash is Insufferably Inconsistent - Season 1,4 970 331 katselukertaa,39.08,/@Madvocate
E8bOTSPS3nw,Being Inconsistent Slowly Ruins Your Life,295 218 katselukertaa,15.55,/@CaptainSinbad
SQt-dh5MkJI,Buddy & Kent Jamz - Inconsistent (Audio),40 104 katselukertaa,1.57,/channel/UCZlmUQNTrMFvYBz8nSLz2rA
AqZVl_bdhhQ,The Flash is Insufferably Inconsistent - Season 3,3 429 441 katselukertaa,1.16.04,/@Madvocate
7bVDl6lQL5M,forgetful. & sewerperson - inconsistent (lyrics),3 195 katselukertaa,2.34,/@kxrmavibes
bvoUB2C3ZD0,Here's Why You Are Inconsistent,13 362 katselukertaa,1.00,/@CoryArmstrongFitness
LrEFH14cGdo,Inconsistent Me - Here (Official Music Video),3 991 katselukertaa,2.39,/channel/UCP1OmybdhVfetiOpKKg0O0g
5naDsqoiL78,The REAL Reason Why Men Are Inconsistent,30 890 katselukertaa,8.37,/@MindfulAttraction2.0
ofvXPOfNETE,He consistent at being INCONSISTENT 😬,42 917 katselukertaa,0.45,/@acemetaphor
_n3W_W3oSAY,Rick and Morty's Ultimate Fall into Inconsistency,2 488 693 katselukertaa,1.07.12,/@JustStop
vQsqPfcXTho,Tynee - Inconsistent [Music Video] | GRM Daily,163 764 katselukertaa,2.30,/@Grmdaily
bq5gDsEdN3Q,"One Solution, No Solution, or Infinitely Many Solutions - Consistent & Inconsistent Systems",714 238 katselukertaa,7.30,/@TheOrganicChemistryTutor
cPh3c0iHQQI,Inconsistent - Sudden Suspension,13 199 katselukertaa,3.41,/@suddensuspension
VXf3fi3Nm5o,WHY MEN ARE INCONSISTENT!,28 122 katselukertaa,13.03,/@JaxnVideos
oiRM-fRjPlE,The Palmer Squares - Consistently Inconsistent (Official Music Video),467 532 katselukertaa,5.11,/@palmersquares
ZNTPBtCgNJ4,Midweek with Dr. C- Narcissists Who Are Consistently Inconsistent,12 007 katselukertaa,44.08,/@SurvivingNarcissism
