Video Id,Title,View Count,Length,Channel
5r6A2NexF88,Brandi Carlile - The Joke (Official Video),9 913 438 katselukertaa,4.59,/channel/UCxrOSjIQ1MbK1hUohxZNwpA
b3kBDtjRtB0,"Bee Gees - I Started A Joke (Live in Las Vegas, 1997 - One Night Only)",85 893 489 katselukertaa,3.03,/channel/UCD9sCcKXnFxMeuFoNayVxeQ
uekhOob4C2s,🤣 BEST JOKE OF THE DAY! - When you're think you're paying attention - but your not... | Funny Jokes,10 926 katselukertaa,1.27,/@loljokes
nHHmA2M0i_E,Dad Jokes | Don't laugh Challenge | Alan vs Chloe | Raise Your Spirits,6 507 783 katselukertaa,12.25,/@yeahmadtv
zZnUWYIWdtw,Nastya learns to joke with dad,252 823 560 katselukertaa,8.00,/@LikeNastyaofficial
7mTLPaJQK1Y,22 Minutes of Dad Jokes for Father's Day | Netflix,1 050 310 katselukertaa,22.08,/@netflixisajoke
Gu60gW0qj_s,ગુજરાતી પાછા નો પડે | Navsad kotadiya Jokes | Comedy Video,196 429 katselukertaa,1.21.56,/@GujjuComedy
fXpUAz4PkJk,🤣 BEST JOKE OF THE DAY! - A travel agent looked up from his desk and saw an...  | Funny Daily Jokes,12 983 katselukertaa,1.24,/@loljokes
3jkH3QDd4lE,Dad Jokes | Don't laugh Challenge | Sam vs Alan | Raise Your Spirits,2 455 166 katselukertaa,15.33,/@yeahmadtv
zwVkbUx_EJc,FUNNIEST STREET MAN PUBLIC PRANKS | BEST FUNNY JOKE PRANK FOR LAUGHING! | DHAMAKA FURTI,549 883 katselukertaa,3.05,/@dhamakafurti
kFttFqwXfsY,🤣 BEST JOKE OF THE DAY! - When you think you're alone - but you're not.... | Funny Daily Jokes,8 597 katselukertaa,2.19,/@loljokes
4ZWKR2zJESk,I Started A Joke,8 500 600 katselukertaa,3.09,/channel/UCD9sCcKXnFxMeuFoNayVxeQ
IsOvjdqOsnU,Don't Laugh Challenge - Adult Jokes,2 845 885 katselukertaa,12.19,/@WeGotTheChocolates
JKDo6g4CCeU,Faith No More - I Started a Joke (Official Music Video),7 424 778 katselukertaa,3.11,/@indiemixtape
_vncD2ApUJg,"Benicio Bryant Singer sings ""The Joke"" AWESOME | America's Got Talent 2019 Audition",3 065 498 katselukertaa,4.59,/@gotknack4it
_ZaQmQTlVkE,새소년 (SE SO NEON) ‘joke!’ Official MV,3 735 482 katselukertaa,3.02,/channel/UCpltpdgUIrAlf5oPmHslyLQ
0k1SPmGrFoU,Very Special Trending Funny Comedy Video 2023😂Amazing Comedy Video 2023 Episode 46 By #Dingdong,6 642 334 katselukertaa,8.09,/@dingfun
JXvMgM5NfXQ,MAKE JOKE OF ||MJO|| - SHUSHIL KI SHADI || By Saurabh Shukla,10 581 103 katselukertaa,13.47,/@MakeJokeOf
5RWtvU2yrDA,Wow_Most Funniest jokes Funny Video 2023 😂🤣 Top New Most Watch  Funny jokes Comedy Video 2023 By_26,579 468 katselukertaa,8.40,/@funtvkhatra7356
