Video Id,Title,View Count,Length,Channel
JNNpOZC-X-M,"Like humans, dogs also need us to maintain with love ❤️ #cutedog #dog #shorts",46 599 343 katselukertaa,0.48,/@LittleGolden33
6jiyaYU2fx0,HOW I MAINTAINED 4% BODY FAT FOR 2 YEARS! Tristyn Lee #shorts,30 099 048 katselukertaa,1.00,/@TristynLee
tMluFmO4tJo,Just to maintain consistency || Rubber band magic trick tutorial.,21 117 030 katselukertaa,0.15,/@MightyPubjwal
5rrHrugyzxk,How I Maintain My Blonde 👱🏻‍♀️/ Munmun Dutta ❤️/ #munmundutta #youtubeshorts #haircare #hairstyle,12 211 162 katselukertaa,0.23,/@munmundutta5317
qC4hDyFme3Y,How To Maintain Credit Card Score?,10 888 452 katselukertaa,1.00,/@financewithsharan
rhAunB7UQFQ,YouTrack — Maintain Order In A World of Chaos,10 437 279 katselukertaa,1.23,/@JetBrainsTV
l4eQ55rfl20,Maintain beard in same look for years,10 170 632 katselukertaa,1.00,/@ShadhikAzeez
gbCy6N_Xvv4,"HOW TO GROOM, SHAPE & MAINTAIN EYEBROWS AT HOME (BEGINNER FRIENDLY)",7 701 179 katselukertaa,8.12,/@SmithaDepak
YdI0AhI1CHs,High maintain dost log🥲,7 547 047 katselukertaa,1.00,/@dollysinghofficial
QfMdtdMvmuw,POV You receive a love battery that you have to maintain or else you’ll be eliminated…,7 196 036 katselukertaa,0.59,/@devincaherlyshorts
mBloQVxAfKE,Jonathan McReynolds ft. Chantae Cann - Maintain (Official Video),5 960 139 katselukertaa,4.01,/channel/UCIk_5MIPkEA8HMjljJCyohA
3YMVq7frtTA,How to maintain an undercut hairstyle - Slikhaar TV,5 828 594 katselukertaa,5.19,/@slikhaartv
kqmjw2tyBo8,Belly - Maintain ft. NAV,4 716 451 katselukertaa,3.38,/channel/UCApVgpSBW-oKTHNBz4w9Lrg
CtWhAGinDks,You can’t maintain eye contact with the person you love,4 487 942 katselukertaa,0.20,/@themermaidscales3585
J0BRlFMK0lY,How To Care For Massive Machinery | Mega Mechanics | Spark,4 325 476 katselukertaa,2.22.52,/@SparkDocs
ZryGl6ha2f8,Diana and Roma show tips how to maintain vision in children,4 248 081 katselukertaa,3.52,/@TheElenaYa
DLispuSf-dc,How to maintain Long and Beautiful Nails💗 #longnails #shorts #nailgrowth #glowyourself #viral #nails,3 843 800 katselukertaa,0.55,/@glowyourself13
8NRO8F5t-tk,Maintain Your iPhone battery health at 100% in 1 minute with these iPhone battery tips,3 770 235 katselukertaa,1.00,/@WeTubeNetwork
9oOkkhKD87Y,Can Korean girls maintain their heartbeat in front of a muscular man?,3 664 682 katselukertaa,11.48,/@awesomeworld12
VgQcyX9f5Ig,Can Korean girls maintain their heartbeat in front of a hot guy,3 509 526 katselukertaa,9.58,/@awesomeworld12
