Video Id,Title,View Count,Length,Channel
jwP1HRmDVII,Carla Morrison - Disfruto (letra),759 422 720 katselukertaa,4.07,/channel/UC4XDU9cYyVAkB5Uk7bHpEPw
6p-lDYPR2P8,Madonna - Material Girl (Official Video) [HD],153 478 316 katselukertaa,4.46,/channel/UC81VD6eeuLLSfyY_D-N8sVw
k9DW0GL0GPQ,Iconic Marilyn Monroe In The Movie Gentlemen Prefer Blondes,140 497 105 katselukertaa,0.41,/@marilynmonroeshorts
vICX-6dMOuA,Cleopatra vs Marilyn Monroe. Epic Rap Battles of History,94 284 226 katselukertaa,1.46,/@ERB
nXXVMcyy_Ag,Pharrell Williams - Marilyn Monroe (Video),75 407 876 katselukertaa,4.51,/channel/UCNUbNl2U6Hg8J0Zem6hzC2g
bqO3Y5e4Dow,Michele Morrone - Hard For Me (Official Music Video),70 440 561 katselukertaa,2.53,/channel/UCH6pkawiiPNv6_muxpfMq_g
3n-yU_BpA4M,"MARILYN MONROE - ''I want to marry him for your money,.''",57 364 473 katselukertaa,1.00,/@lucianofilms388
62MxX43jHXs,Slavik Pogosov - Монро (Официальная премьера трека),47 223 371 katselukertaa,2.38,/@soyuzmusic
fit0qqdyvVs,Michele Morrone - Watch Me Burn (from 365 days movie),45 142 733 katselukertaa,3.06,/channel/UCH6pkawiiPNv6_muxpfMq_g
g_HN50TLuaI,Oops!... I Did It Again - Vintage Marilyn Monroe Style Britney Spears Cover ft. Haley Reinhart,36 382 535 katselukertaa,3.57,/channel/UCORIeT1hk6tYBuntEXsguLg
G91KZ56mNbw,Blake Shelton -  Lonely Tonight (ft. Ashley Monroe) (Official Music Video),29 428 743 katselukertaa,3.51,/channel/UC9nxc-xiH1AnL9RGstfgurg
Kna8GumgH6c,drawing Marilyn Monroe in ✨1 hour vs. 20 hours✨😳🤞*anXioUs tWeRking* | JULIA GISELLA,28 919 374 katselukertaa,1.00,/@juliagisella
SV7io9h_u1s,Feel It,28 373 390 katselukertaa,2.40,/channel/UCH6pkawiiPNv6_muxpfMq_g
BV8UmeIR05o,Marilyn Monroe And Jane Russell Handprint In 1953,22 374 413 katselukertaa,0.36,/@marilynmonroeshorts
T8Bp7XhwD8M,K Camp - Marilyn Monroe (@KCamp) #OneWay,22 228 777 katselukertaa,3.38,/channel/UC83Tvu566Glh1OJR4gTDFIg
XuzTFgEvJ7U,O Mon Re (ও মন রে)| SVF |Yash & Madhumita |@TanveerEvan|@PiranKhan|Baba Yadav |@SVFMusic,21 087 399 katselukertaa,4.03,/@SVFsocial
w1JAYiFRjEM,Slavik Pogosov - Монро (2022),20 605 279 katselukertaa,2.38,/@SlavikPogosov
tdIQskri0d4,Marilyn Monroe’s Statue In Palm Springs California From “7 Year Itch”,17 896 689 katselukertaa,0.19,/@marilynmonroeshorts
TnCNUCJDOz8,All for just 10 minutes of my life 😲 Kim about Marilyn Monroe Dress,16 758 173 katselukertaa,0.39,/@AnupamaPathman
7PYpS20mUzA,"Diamonds are a girls best friend — Marilyn Monroe (Blonde 2022, Norma Jean & Marilyn 1996) Comparing",16 560 480 katselukertaa,0.20,/@yryskeldiyt9273
