Video Id,Title,View Count,Length,Channel
NhuLvrHd2Ys,Nutrilite Vitamins & Supplements for Optimal Health | Amway,62 742 150 katselukertaa,0.46,/@AmwayUS
1im4DNEYzEM,Gzuz - Optimal (Jambeatz),62 146 493 katselukertaa,3.29,/@CrhymeTV
WGclLoxZz18,GZUZ - Drück Drück (feat. LX),54 708 473 katselukertaa,3.45,/@CrhymeTV
o43oI5x86dI,Gzuz feat. LX- Schnapp! (prod. P.M.B.),52 205 483 katselukertaa,2.46,/@CrhymeTV
2YcJ8Wightw,GZUZ - CL500 (Jambeatz),48 724 862 katselukertaa,2.32,/@CrhymeTV
oAHbLRjF0vo,The Better Boarding Method Airlines Won't Use,22 360 190 katselukertaa,8.28,/@CGPGrey
qXlzAx2OejI,Shelcal500 | Optimal Bone Health | Increases Calcium Intake | Tamil 30 secs,8 430 964 katselukertaa,0.30,/@shelcal
jY1LunEaRbM,Is this optimal? 🧐,7 295 276 katselukertaa,0.16,/@fitnessquartier
i1YgFZB6alI,How To Build Huge Biceps: Optimal Training Explained,5 301 064 katselukertaa,9.54,/@JeffNippard
N27qw7XiykU,The Issue of Optimal Deprivation,5 001 339 katselukertaa,0.33,/@DrJordanBPetersonClips
gR_f-iwUGY4,The Optimal Morning Routine - Andrew Huberman,4 234 536 katselukertaa,16.29,/@AfterSkool
EHs7hBypdNU,The Optimal Team Comp,4 150 103 katselukertaa,6.47,/@TierZoo
MfMxT_jXcPE,How To Build Huge Forearms: Optimal Training Explained (5 Best Exercises!),4 022 207 katselukertaa,7.43,/@JeffNippard
NcsIhmRjjCo,What is the optimal body type?,3 760 244 katselukertaa,0.52,/@Profussy
-w2z3MVTcQA,Transportation problem [ MODI method - U V method with Optimal  Solution ] kauserwise,3 743 220 katselukertaa,31.43,/@kauserwise
rrfFTdO2Z7I,[#1]Assignment Problem[Easy Steps to solve - Hungarian Method with Optimal Solution] by kauserwise,3 179 064 katselukertaa,21.46,/@kauserwise
v_ZkxWzYnMc,How To Build Capped Shoulders: Optimal Training Explained (Side Delts),3 020 066 katselukertaa,8.04,/@JeffNippard
q37ARYnRDGc,Dr. Andy Galpin: Optimal Nutrition & Supplementation for Fitness | Huberman Lab Guest Series,2 957 186 katselukertaa,3.05.34,/@hubermanlab
HevFwp3uRMo,Optimal,2 553 754 katselukertaa,2.42,/channel/UCos2iUR8oZQunMq1E9NZCrg
reWoUj8C6wc,Mittivine | Ayolaar uchun eng OPTIMAL variant! 😅 #mittime,2 471 636 katselukertaa,2.13,/@mittivines
