Video Id,Title,View Count,Length,Channel
Epgo8ixX6Wo,Massive Attack - Protection,17 157 120 katselukertaa,6.34,/channel/UCLqMjQtlnOkknN-FvrtQ0WQ
1axyOxI4FgY,AYAT EL KURSI 900 times quran for sleeping protection FOR 10 HOURS,11 112 590 katselukertaa,9.55.06,/@JulienTerreauPOWERFULLROKIA
jFtylcMPKkY,PRIÈRE POUR LA PROTECTION DIVINE,10 689 721 katselukertaa,10.20,/@JoelNertilus
btPcWtR8Xlw,MISSION: EXECUTIVE PROTECTION - FULL movie,7 663 410 katselukertaa,1.30.40,/@CinemaCinemas
kSoHMB4wWyg,POWERFUL PRAYERS | Plead The Blood Of Jesus For Protection | No Weapon Formed Will Prosper,6 398 630 katselukertaa,3.25.48,/@GraceForPurpose
r8mrfq6SNIU,"A Powerful Morning Prayer | God's Favour, Grace and Protection | Start Your Day With This Prayer",6 218 467 katselukertaa,11.25,/@GraceForPurposePrayers
LhC00LMbWbQ,Powerful Protection Prayer  (Angels),5 130 090 katselukertaa,2.49,/@GuardianAngelConnect
6C6rmmfeBNY,"41 Times Ayatul Kursi Protection Against Jinns, Sihir, Black magic, Bad Evil Eye, Shaitan",5 102 537 katselukertaa,58.19,/@saadalquraishi
4K24SXZvGBk,A Psalm 91 Prayer For Protection and Strength! ᴴᴰ,4 866 983 katselukertaa,11.07,/@GraceForPurpose
6pDkQDA8xw0,Psaume  91 - La protection de Dieu.,4 792 138 katselukertaa,2.01,/@LeTronedeDieu
usVNAxov8Js,A Blessed Bedtime Prayer For Sleep Protection | Fall Asleep In God's Presence,4 676 891 katselukertaa,15.57,/@GraceForPurpose
I0ymxZruvvI,Iron Fist Light Active Protection System (APS),4 578 732 katselukertaa,1.42,/@generaldynamicsordnanceand4254
awDQGeEKN_Y,protection IV leather armor vs netherite armor,4 491 400 katselukertaa,0.58,/@Alexa_Real
14a96XGTgqM,Prayer For Family Protection | Prayers To Protect My Family From Evil,4 030 367 katselukertaa,2.55,/@DailyEffectivePrayer
06Vd590jADU,A Prayer For Protection Against Evil Plans | Be Covered By God's Grace,3 962 665 katselukertaa,10.55,/@GraceForPurposePrayers
AVFvCYxWENM,Mantra for Protection/Break Black Magic with Powerful Hanumath Kavacham,3 688 623 katselukertaa,12.07,/@mantracures
exTI78xJxks,Protoje - Protection [AUDIO],3 655 521 katselukertaa,4.34,/@InDiggNationCollective
h3-PvKIc3e4,Protection,3 105 992 katselukertaa,7.52,/channel/UCLqMjQtlnOkknN-FvrtQ0WQ
rKmRZaGYx_M,PRAYER TO PLEAD THE DIVINE BLOOD OF JESUS FOR PROTECTION,2 989 149 katselukertaa,6.12,/@EternalWorddotorg
V-UMQb6VWkw,"Invocation de protection contre tout mal (dou’a matin et soir) mauvais œil, sorcellerie…",2 886 668 katselukertaa,2.09,/@hhdhl4
