Video Id,Title,View Count,Length,Channel
mNrzmpA8JU4,Creeds - Push Up (Lyrics) | Tiktok,5 674 655 katselukertaa,2.19,/@thevibeguide
bUUl8c4haI8,Creeds - Push Up | TikTok,8 099 098 katselukertaa,2.46,/@GANGSTERCITY
HAkHqYlqops,Matchbox Twenty - Push (Official Video) [HD Remaster],109 759 949 katselukertaa,4.06,/channel/UC3Xu7mc5Zzep3lV17hqbs5A
qL_PRqpjga0,Creeds - Push Up (Lyrics) | Tiktok,781 572 katselukertaa,2.20,/@pizzamusic6344
EWz4SCjk1HE,Creeds – Push Up (Main Edit) Official Video,2 941 236 katselukertaa,2.22,/@MarvellousMusic
QjBnfoBrScM,He PUSHED her Down the Stairs!,1 982 296 katselukertaa,10.27,/@LucasandMarcus
vCadcBR95oU,Salt-N-Pepa - Push It (Official Music Video),171 622 250 katselukertaa,4.25,/channel/UCYHaIph93Dk_mGmozCCXdrg
MQIVguU3v3k,PSY-TRANCE ◉ Creeds - Push Up (Luminatix Remix),5 900 877 katselukertaa,6.06,/@BrutishHeavyMusic
Zy0KSC6vp_k,i pushed ALL MY BRAWLERS to 700,1 258 029 katselukertaa,16.29,/@oj2
_yMN6hxyOTM,Creeds - Push Up (Official Video),7 267 183 katselukertaa,4.01,/@ravealert
BGrBuUF4UqA,Creeds - Push Up (Lyrics),951 919 katselukertaa,2.20,/@7clouds
RaQhNZwRHgk,Ryan Gosling - Push (From Barbie The Album) | Lyrics,142 036 katselukertaa,3.24,/@sunsetsoundsofficial
-U9ChRwrLwA,Creeds - Push Up (Tik Tok Song) | Techno,2 581 933 katselukertaa,2.47,/@itspanda.
XtU7OPK2r5Q,Creeds - Push Up (Charlotte De Witte Edit),3 285 477 katselukertaa,4.01,/@fowgelbrother
x9SsWG0Es2U,Creeds - Push Up (Lyrics),587 884 katselukertaa,2.18,/@evolvemnc
zfhQsBjhIxw,Creeds - Push Up (Tik Tok Song) | Techno,5 580 486 katselukertaa,2.47,/@HazaEDM
d2E_iiTd9hQ,"Die Toten Hosen // „Pushed Again"" [Offizielles Muiskvideo]",1 368 353 katselukertaa,3.56,/channel/UCzQaHdbeofGzUvzUsLyvUIg
dIbhNObqR5Q,Stahl - Pushed Down (feat. Caroline) (Lyrics Video),1 478 855 katselukertaa,3.33,/@BipolarBearMusic
z1o_U7HuWCI,He pushed me down the stairs (Animatic)(Creepypasta),2 065 418 katselukertaa,0.22,/@Ijustwannahavefun
t6aN6DA-LbE,Teen Who Pushed Friend off Bridge Apologizes,28 031 054 katselukertaa,1.31,/@InsideEdition
