Video Id,Title,View Count,Length,Channel
eDiA1p5DlLg,World's #1 Life Changing Video By Sandeep Maheshwari | Hindi,67 564 934 katselukertaa,2.11.28,/@SandeepSeminars
meoIUW5fs18,LAST- Life Changing Seminar By Sandeep Maheshwari ।। hindi #shorts #youtubeshorts #edutok,6 874 802 katselukertaa,1.00,/@Edutokaaosikhekuch
DGIjuVbGP_A,How to Take Charge of Your Life - Jim Rohn Personal Development,5 131 297 katselukertaa,2.04.40,/@businessmarketingresources
xtMVFZ1KOlw,Steve Harvey at the Sagicor Motivational Seminar (SMS) 2019,4 275 651 katselukertaa,2.01.26,/@SagicorGroupJamaicaLimited
tZldoARAm0w,Open Seminar at Prayagraj by Dr. Vikas Divyakirti,4 202 416 katselukertaa,2.34.31,/@DrishtiIASvideos
GsY4E6iyVYg,LAST Life Changing Seminar - By Sandeep Maheshwari I Dubbed in English,4 179 740 katselukertaa,2.09.30,/@SandeepSeminars
pdb6eOeSPok,Seminar at NIT Agartala by Shradha Didi @ApnaCollegeOfficial,2 763 532 katselukertaa,0.37,/@ApnaCollegeOfficial
th-IP6G1VIE,Open Seminar at Lucknow by Dr. Vikas Divyakirti | Drishti IAS,1 722 772 katselukertaa,2.48.27,/@DrishtiIASvideos
WlGSuOwaCrY,Baltimore Washington Financial Advisors - About Our Seminars,1 420 550 katselukertaa,0.29,/@BWFAdvisors
bosWJ2DsY4o,Dr. Joe Dispenza - Amazing seminar!,1 385 689 katselukertaa,1.22.34,/@liveyourdream5444
-VoBhNmhAPk,Biggest Seminar in Patna🔥| Neetu Mam Patna Seminar | @NeetuSinghEnglish #neetumamenglish  #seminar,1 217 513 katselukertaa,0.40,/@neetumamfanpage
HnFtl0W0qxE,Online seminars expectations vs reality #shorts #fun,1 197 819 katselukertaa,0.29,/@saihemanthworld
M-9ZOlnPN6k,Jonathan Haggerty Muay Thai Seminar and Sparring | Siam Boxing,884 924 katselukertaa,23.43,/@SiamBoxing
qqsQ_pLpvqk,How to give an Impressive Seminar | Speak Confidently without Stage Fear | Tips and Tricks |,756 231 katselukertaa,8.53,/@thesuccesshub752
yHKxWiX_9FI,Baltimore Washington Financial Advisors - About Our Seminars,662 830 katselukertaa,0.29,/@BWFAdvisors
NRKqTitny54,Gyanvatsal Swami Gujarati Motivation Seminar 2022,586 629 katselukertaa,1.05.11,/@AksharMantraOfficial
BFWXF2pKNZk,"Seminar by Hindi Medium Topper Prince Kumar, IAS । Drishti IAS",583 961 katselukertaa,1.50.49,/@DrishtiIASvideos
ASUHN3gNxWo,"Mark Passio - Natural Law Seminar - New Haven, CT - Part 1 of 3",502 693 katselukertaa,2.02.37,/@MarkPassio
t5UU5mFVaaw,"Seminar Topic- Solar Energy || Kajal Dehury (1st sem, Civil Engg)",503 599 katselukertaa,1.57,/@govt.polytechnicboudh7372
36WkKgL4-sw,Pioneer Immigration: Seminars l Dr. Ravi Garg | CICC MEMBER | 70613-70613,480 461 katselukertaa,0.21,/@PioneerImmigration
