Video Id,Title,View Count,Length,Channel
c6bEs3dxjPg,Darth Vader - The Suit - Episode III,53 609 400 katselukertaa,4.25,/@reconelement
egn_mW0C9BA,"POV you are chosen as a Jedi, or Sith #StarWars",33 222 399 katselukertaa,0.57,/@IanBoggs
Djo_91jN3Pk,DARTH MAUL: Apprentice - A Star Wars Fan-Film,32 641 565 katselukertaa,17.49,/@T7pro
xlYCxbBZUCY,John Williams - Duel of the Fates (Star Wars Soundtrack) [HQ],22 552 168 katselukertaa,4.14,/@TSOM
K2ScVx4mRDE,How Star Wars Revenge Of The Sith Should Have Ended,22 047 634 katselukertaa,4.26,/@HowItShouldHaveEnded
iFUs7E8liZU,Master Yoda VS Darth Sidious,16 478 903 katselukertaa,4.16,/@Alex-bm5rc
ZU_MF0NMKhU,Top 10 Sith Lords (Results) - Star Wars Top Tens,15 601 076 katselukertaa,17.23,/@TheLoreMasterYT
6MebZx-4950,Revenge of the Sith but Kermit is Chancellor Palpatine,14 764 799 katselukertaa,1.59,/@Aut0b0tAlex
vVkUglhoon0,Maul - Hatred,11 204 159 katselukertaa,7.19,/@DarthPorg
gnrogbZC3b0,Jedi Vs Sith Guitar Battle,10 714 105 katselukertaa,3.53,/@stuartedge
DCboJ2GizmM,STAR WARS THE OLD REPUBLIC Full Movie Cinematic 4K ULTRA HD All Cinematics,9 725 533 katselukertaa,23.20,/@GameClips4KYT
P1k5zo0w6N8,"Star Wars Revenge of the Sith Soundtrack : Anakin vs Obi-Wan, the great duel",9 702 021 katselukertaa,4.11,/@sandrosaar4377
1vHb9DJ5TWI,Sith Lord Transition 😈,9 667 578 katselukertaa,0.08,/@MeganCiafre
8yy3q9f84EA,Darth Jar Jar - Star Wars Theory,9 105 626 katselukertaa,8.35,/@VincentVendettaOfficial
YanygqCkOMk,Jar Jar totally not being a Sith Lord for 7:04,8 913 475 katselukertaa,7.04,/@TheRogueOneYT
godZ-_8aN00,Darth Vader Vs Darth Maul,8 372 751 katselukertaa,12.24,/@mirk5144
onRnL6MBunU,Star Wars: Revenge of the Sith - Obi Wan vs Anakin Fight Part 1 4k,8 185 857 katselukertaa,4.16,/@HaSanMDD
AXwGTuZup60,Sith who turned into Jedi #shorts #starwars #sith #jedi #starwarsedits,7 960 198 katselukertaa,0.36,/@Iamtrashinfortnit
5UnjrG_N8hU,Star Wars Episode III: Revenge of the Sith - Trailer,7 575 526 katselukertaa,2.31,/@StarWars
bYWAHuFbLoc,Mr. Plinkett's Star Wars Episode III: Revenge of the Sith Review,7 551 707 katselukertaa,1.41.13,/@RedLetterMedia
