Video Id,Title,View Count,Length,Channel
2iOzaod5j3Y,Playing with Stacking Rings for Children,482 703 687 katselukertaa,1.58,/@jasonvlogslife
CVEAKnTt3Ds,Dice Stacks from $1 to $100 (Part 3),321 029 989 katselukertaa,0.46,/@ThatsAmazingShorts
gCKtqIeedW8,Dice Stacks from $1 to $100 (Part 2),285 214 917 katselukertaa,0.37,/@ThatsAmazingShorts
r3JhUkD7Cuw,Dice Stacks from $1 to $100 (Part 5),274 710 015 katselukertaa,1.01,/@ThatsAmazingShorts
MbWq-EwUy_M,Dice Stacks from $1 to $100,209 759 561 katselukertaa,0.36,/@ThatsAmazingShorts
4QxN0CFxpIU,Ivan Play with Inflatable Stacking Rings Color Toy,195 008 947 katselukertaa,2.43,/@toysmakemesmile
H_R_a3Jo8aA,Dice Stacks from $1 to $1000,137 407 755 katselukertaa,0.39,/@ThatsAmazingShorts
SwR2hFZktOs,Stack Colors 2 - Gameplay All levels #1,136 628 570 katselukertaa,0.43,/@GMD_Games
YlyCqqggCjM,Jannie Learns Sizes with Giant Stacking Rings,102 641 631 katselukertaa,3.44,/@toysandcolors
LiD67tAmd98,Learn Colors with Color Stack Rings and More Colours Videos for Children,65 153 982 katselukertaa,14.57,/@edubuzzkids
VizM3F5nAoI,Husband and wife engage in a gender reveal using a stack cup game #shorts,43 504 359 katselukertaa,1.00,/@storyplay9156
kSROK3arbPY,Dice Stacking with Cup VS Hands!,40 618 255 katselukertaa,0.37,/@ThatsAmazingShorts
jRH8EgIPrNM,Dice Stacks From level 1- 100,40 332 197 katselukertaa,0.38,/@mrmiko2.0
svNaXS6J_MM,golden hour harmony stacking #shorts,38 565 807 katselukertaa,1.00,/channel/UCSOfUqPoqpp5aWDDnAyv94g
VjAKeduaURc,Otis Stacks (ft. Gift Of Gab) - Fashion Drunk [Official Video],35 030 762 katselukertaa,3.56,/@TheUNDERDOGRECORDS
cUAT6fIGD70,Cake stack Android Cool Game 01 🍰 #shorts,29 861 642 katselukertaa,0.39,/@TomFan
dGEoWbeT828,Dice Stacking Trick Shots by a 5 Year Old! | That's Amazing,29 676 162 katselukertaa,8.03,/@ThatsAmazing
X5kRwSq49oI,TREASURE : PARK JEONG WOO x HARUTO - Stack It Up (Liam Payne x A Boogie Wit Da Hoodie Cover.),25 366 241 katselukertaa,3.01,/channel/UCx9hXYOCvUYwrprEqe4ZQHA
HV12GPmv97s,I Beat The Funko Pops Stacking World Record AGAIN!,25 046 963 katselukertaa,0.59,/@TopPops
e1r62iOPkGw,Liam Payne - Stack It Up (Official Video) ft. A Boogie wit da Hoodie,21 391 401 katselukertaa,2.53,/channel/UCcG6pdVejvmvWSDRJfmeB8A
