Video Id,Title,View Count,Length,Channel
lRWqYR3e7xE,Don Omar - Taboo,941 938 452 katselukertaa,4.53,/channel/UCD6aIT1MqFEwscbhuqr9fqw
iyLdoQGBchQ,Kaoma - Lambada (Official Video) 1989 HD,535 395 593 katselukertaa,3.27,/@ClubMusic80s
8HpG0l9cLos,Don Omar - Zumba Campaign Video,368 181 967 katselukertaa,3.55,/channel/UCD6aIT1MqFEwscbhuqr9fqw
Vopbz-exbfg,Panic! At The Disco – House of Memories [Lyrics/Vietsub],116 682 498 katselukertaa,3.30,/@chillwithme7023
kcPc18SG6uA,Sade - The Sweetest Taboo - Official - 1985,101 688 076 katselukertaa,5.03,/channel/UCegKDBFMUSQNeWe4FAB7aig
c_4DUcfE1sU,Pablo Alborán & Ava Max - Tabú (Official Music Video),51 082 152 katselukertaa,3.14,/channel/UCf3L_9odIRo9G2L_-hsb7lg
1vvb16VyVEY,Taboo? Scarification | Taboo,23 027 593 katselukertaa,5.23,/@NatGeo
mDc6iw2EeJs,Okaber — TABOO,19 051 844 katselukertaa,2.49,/channel/UCE9gVkx-UXoOWXo1v979g3g
T2u2eqerRks,Sade - The Sweetest Taboo (Live Video From San Diego),16 077 945 katselukertaa,5.43,/channel/UCegKDBFMUSQNeWe4FAB7aig
dqo2DxUBb-o,Sade - The Sweetest Taboo (Live 2011),13 887 510 katselukertaa,5.12,/channel/UCegKDBFMUSQNeWe4FAB7aig
NpfE3zH2wFk,Mom knows how to handle everything.. ❤️ #shorts #contentcreator #periods #taboo #mother #relatable,11 945 859 katselukertaa,1.01,/@SameekshaSudOfficial
mWvyv3xSyP4,Vikalp ने Tabu को Hera Pheri Style में किया Impress | The Kapil Sharma ShowS2 | Vikalp Mehta Comedy,11 923 269 katselukertaa,14.31,/@LIVComedy
pA3thR5jbuc,Don Omar - Danza Kuduro y Taboo en Premios Billboard 2011,10 192 391 katselukertaa,6.36,/@ECRDWEB
NBtnfRAbe14,Tabu,9 458 553 katselukertaa,8.14,/channel/UCkFgRdbsN5d6gVqMB_lVaQg
no72Is1Wrao,Was Sex a TABOO in Ancient India? | BigBrainco. #shorts ft. @BeerBiceps,9 061 213 katselukertaa,0.58,/@RAAAZshorts
Gzq0PR_eFAg,Jealous Tabu,8 818 157 katselukertaa,2.18,/@ErosNowMoviesPreview
h10HSJqz6xs,NINETY ONE - Taboo (ft. Ирина Кайратовна) | Official Music Video,8 310 322 katselukertaa,4.09,/channel/UCBvkQIEBftsyZ41KQBeUvzA
RcejfvTXusM,The Sweetest Taboo,8 065 442 katselukertaa,4.38,/channel/UCegKDBFMUSQNeWe4FAB7aig
OWxkuDW4rOs,DADDY YANKEE | TABOO REMIX - DON OMAR FT. (Video Oficial),7 103 352 katselukertaa,4.29,/channel/UC9TO_oo4c_LrOiKNaY6aysA
3TNmQ1XM2fM,"Ninne Pelladatha Telugu Full Movie || Nagarjuna,Tabu",6 298 922 katselukertaa,2.25.55,/@AnnapurnaStudios
