Video Id,Title,View Count,Length,Channel
6C_wxlp_QS0,Cardi B - Thru Your Phone [Official Audio],74 858 337 katselukertaa,3.09,/channel/UCxMAbVFmxKUVGAll0WVGpFw
Y5A2AWvxwNQ,Cardi B - Thru Your Phone (Lyrics),37 155 583 katselukertaa,3.06,/@alllyrics1691
jO2viLEW-1A,Jeremy Zucker - comethru (Official Video),501 110 575 katselukertaa,3.01,/channel/UCNwwzAlMbHAJUNoJe0h3nBw
QxGVgXf_LNk,"Going Through The Same Drive Thru 1,000 Times",243 591 460 katselukertaa,15.38,/@MrBeast
ZekYCWcUczY,6 Things You Should NEVER Do in a Drive Thru!! (Part 1),17 467 531 katselukertaa,11.44,/@royaltyfam
hhzirzv_9as,01 | THRU | The Pacific Northwest,8 224 katselukertaa,2.17,/@HEYOdesigns
wPrEkA_gQp4,Jack Harlow - THRU THE NIGHT (feat. Bryson Tiller) [Official Video],12 491 612 katselukertaa,2.43,/channel/UC6vZl7Qj7JglLDmN_7Or-ZQ
I9N0wPCi2sE,I'm in a drive thru at burger king,3 184 222 katselukertaa,0.40,/@GeoBlitzy
Emj8AGFobvs,The Rolling Stones - Thru and Thru - Live at MSG,461 140 katselukertaa,6.53,/channel/UCB_Z6rBg3WW3NL4-QimhC2A
myh5xtfUG-I,dhruv – ​double take (Lyrics),45 248 942 katselukertaa,2.52,/@DanMusic
GBcn2j3UKy0,Just Passing Thru - A Pacific Crest Trail Film,668 465 katselukertaa,53.38,/@courtneyevewhite
91G8APy6lzc,Vallis Alps - Thru,2 143 626 katselukertaa,4.14,/channel/UCfdW2Q7nwRuf6QLX0IpWchg
X-7CaIA4ilE,The First Guy To Ever Order Drive-Thru,2 197 633 katselukertaa,4.33,/@RyanGeorge
wDchbFDUMe0,Jeremy Zucker - Comethru (Lyrics) feat. Bea Miller,12 456 108 katselukertaa,3.02,/@7clouds
t-E8BCchMvI,GeeYou - Slide Thru [Music Video] | GRM Daily,6 566 402 katselukertaa,2.25,/@Grmdaily
JPmedvFuhNw,Summer Walker - Come Thru (feat. Usher) [Official Audio],35 543 327 katselukertaa,3.00,/channel/UCSpNS4dJ8wIScwMqatIdiQw
lxNYAe85L20,Nirvana - Spank Thru (Live at Reading 1992),4 172 208 katselukertaa,3.12,/channel/UCFMZHIQMgBXTSxsr86Caazw
gP4n1zyN4KY,Rich Homie Quan - Walk Thru ft. Problem (Official Video),101 623 825 katselukertaa,3.16,/channel/UCqNoc0kw5gQ1X2DFq7iQ97Q
NepcAaKXNuM,Thru and Thru (Remastered),534 789 katselukertaa,6.02,/channel/UCB_Z6rBg3WW3NL4-QimhC2A
nKMLiCxyRFQ,Xavy Rusan - See Thru,218 932 katselukertaa,3.09,/@EpidemicHipHop
