Video Id,Title,View Count,Length,Channel
Q_EENMctPW4,J-Wright - Upgraded (feat. Nina Jeanne),1 780 854 katselukertaa,4.57,/@SwagyTracks
36PDeN9NRZ0,Upgrade Trailer #1 (2018) | Movieclips Trailers,8 370 002 katselukertaa,2.30,/@RottenTomatoesTRAILERS
bg-GZUWhHOk,J-Wright- Upgraded (Ft. Nina Jeanne),63 708 katselukertaa,4.57,/channel/UCZjZwrpQ93zNEUQTrS5jg_A
w6OVYYU3-D0,Upgraded...,131 255 katselukertaa,3.12,/@TTTPig
CY2kuCFuGQA,GTA 5 but EVERYTHING is UPGRADED! (MOVIE),2 136 904 katselukertaa,3.06.31,/@NoughtPointFourLIVE
ke0uBoG2A8Y,25 Ways To UPGRADE ANIMALS In GTA 5!,656 361 katselukertaa,4.04.56,/@BlooGaming
K2i4XtP8nxo,Скриптонит – UPGRADED (мини-альбом),1 740 katselukertaa,21.25,/@FRCPNTM
AZxn9md_aZI,Upgrade (2018) - The Kitchen Fight Scene (2/10) | Movieclips,2 774 905 katselukertaa,3.21,/@MOVIECLIPS
Ows54tUIZh8,Jessie Murph - Upgrade (Official Video),5 664 505 katselukertaa,2.41,/channel/UCOu-8cNd_UZV0VTUPgPpGsg
gEnRNIvEKu8,Upgrade - Official Trailer,1 296 282 katselukertaa,2.23,/@madmanfilms
6HlnjWwNqrY,Logic - Upgrade (Official Audio),2 697 921 katselukertaa,2.54,/@VisionaryMGMT
gUgZy0gQkMQ,I Upgraded Boring Minecraft Structures,3 443 522 katselukertaa,26.17,/@tazoh
rPsu6aBypug,Pa J - Upgraded  Official Music Video,1 066 318 katselukertaa,2.49,/@pajmusic4701
YFnhPsFxgL4,OFFL1NX - UPGRADE,456 390 katselukertaa,1.54,/channel/UCqVcRlc7dy-FEwwn-d1CVAw
mJ-lr555tjg,OFFL1NX - UPGRADE,568 741 katselukertaa,1.54,/@WICKEDPHONK
KmM5DykVbpY,I upgraded every mob in Minecraft,1 557 082 katselukertaa,10.45,/@KipperMC
jQ6kqjLpQrw,Capital Kings - Upgraded (Official Audio Video),1 169 640 katselukertaa,3.40,/channel/UCsRNNa6CrWtaXW5UhLGxVgw
iYvDoJVwXtA,Ektor - Upgrade (OFFICIAL VIDEO),5 076 057 katselukertaa,3.52,/channel/UCQ8fC1XMUxttt3rOpZpEOjg
-DqmTaUK-Ow,Upgrade (2018) - STEM Takes Over Scene (10/10) | Movieclips,941 121 katselukertaa,2.09,/@MOVIECLIPS
1hcG8d8xJqI,25 Ways To Upgrade NOOB To GOD SONIC! (GTA 5 Movie),980 107 katselukertaa,2.48.45,/@BlooGaming
