Video Id,Title,View Count,Length,Channel
wZTIdnooV-s,Sub Urban - UH OH! (feat. BENEE) [Official Music Video],134 361 902 katselukertaa,2.39,/channel/UCqAil6_A1dWHdFXzOwVLqlg
KBtk5FUeJbk,Sub Urban - Cradles [Official Music Video],639 731 703 katselukertaa,3.39,/channel/UCqAil6_A1dWHdFXzOwVLqlg
6xPDzBYPrN8,Extreme Urban Tent Climb - Unexpected Ending 🇩🇪,667 819 katselukertaa,23.52,/@STORROR
ocGTMrtJkz8,"Urban X Podcast 416: ""Aliens"" unveiled in Mexico, Cornell West, Nas new album",18 197 katselukertaa,2.16.34,/@UrbanXTV
SzPgzwweQV4,Urban Shadow Choux made HP useless. - Epic Seven,13 836 katselukertaa,14.58,/@GodDoggosE7
pc6xUj8myko,Why Villains Wear Rolex & Heroes Wear JLC: Reverso Duoface Calendar vs Day-Date Watch,14 166 katselukertaa,18.56,/@theurbangentry
NfvqVxoJIaE,Keith Urban - To Love Somebody,26 393 046 katselukertaa,4.20,/@dachshundsfourme9387
iO6cN05ut4c,Urban,26 627 katselukertaa,2.17,/@psidancer
zNrKoWG7Cj0,Sub Urban - Freak (feat. REI AMI) [Official Music Video],262 048 208 katselukertaa,3.28,/channel/UCqAil6_A1dWHdFXzOwVLqlg
hgF1HI_kW6s,Sub Urban & Bella Poarch - INFERNO (Official Music Video),133 245 952 katselukertaa,3.54,/channel/UCCY_8y1FjtOegxKB4s2bWqw
SoIKv3xxuMA,Keith Urban - Blue Ain't Your Color (Official Music Video),382 807 135 katselukertaa,4.08,/channel/UCHYqkMN0UwbyN0krs1pahXQ
4hxCvw87cO8,INSANE 900BHP FIRE BREATHING MERCEDES G63 + SOUND | REDEFINED BY URBAN | S2 EP32,26 139 katselukertaa,17.59,/@UrbanAutomotive
GkZz2I6sK08,"Tim Urban: Tribalism, Marxism, Liberalism, Social Justice, and Politics | Lex Fridman Podcast #360",1 447 915 katselukertaa,3.07.19,/@lexfridman
khxrsm7DeLU,Urban Mystic - Days Of Our Lives,1 777 860 katselukertaa,3.54,/@musicasoulman
qIe-G9uf8_Y,🏆Dutch Urban Mixtape Volume 3 NEW YEAR 2022 | Moombahton | Mixed By Gio Lennox🏆,89 024 katselukertaa,1.13.47,/@GioLennox
luGNppKOK2o,URBAN OTUR,459 104 katselukertaa,5.08,/@HampusHedstrom
AOc8ASeHYNw,Designing Urban Places that Don't Suck,962 852 katselukertaa,10.48,/@NotJustBikes
xHs5nVZNtXg,URBAN WARFARE - STEVEN SEAGAL COLLECTION - EXCLUSIVE V MOVIES,1 448 402 katselukertaa,1.29.50,/@V_Movies
qu_7hqh7dxk,URBAN OTUR på semester!,238 245 katselukertaa,8.01,/@HampusHedstrom
6li9djv_5Fo,Merseyside - Urban (Unofficial Video),891 316 katselukertaa,4.18,/@pramadhans
