Video Id,Title,View Count,Length,Channel
opCf3mp24dE,She's the Man (8/8) Movie CLIP - I'm Viola (2006) HD,117 996 346 katselukertaa,2.43,/@MOVIECLIPS
-zdHJa5AKzs,"Chora,Viola/Caminheiro/Ladrão De Mulher /O Campeão /A vaca Já Foi Pro Brejo",94 878 166 katselukertaa,6.23,/channel/UCL64gn1KZ1C-u87BGQv3b6w
WB3qTVg3hhs,Girl Biker Performs - You Must See,69 869 187 katselukertaa,6.21,/@ProCrafts34
0QqD4WhM4pc,Bruna Viola - Pagode Em Brasília / Moradia / Chora Viola,63 760 517 katselukertaa,4.27,/channel/UCIjP9TTMtv5yH4AwUndeaew
2rYT6gE7WIw,"Ícaro e Gilmar,Eduardo Costa - A viola e eu [ DvD Nunca deixe de sonhar ]",29 952 154 katselukertaa,3.30,/channel/UC55hzEBczDivH31zVueh8Gg
Rjod7aq8Qqc,"Chitãozinho & Xororó, Bruna Viola - Caipira / Majestade O Sabiá",25 857 253 katselukertaa,6.26,/channel/UCZtaZ0V-UpFTMocb9-CYmKg
Unj9WbeLzRU,Barbara Pravi - Voilà - LIVE - France 🇫🇷 - Grand Final - Eurovision 2021,22 391 416 katselukertaa,3.25,/@EurovisionSongContest
KdIhq1tb8Co,"15 Year Old Emma Kok Sings Voilà – André Rieu, Maastricht 2023 (official video)",17 223 798 katselukertaa,7.26,/channel/UCAaX9NjMCos_Qwz3n41eUgg
ntS-pOmuZSE,"Pout-pourri de Viola Caipira, por Lucas Reis e Thácio",16 619 441 katselukertaa,4.56,/@ViolaMinhaViola
nituvFhUP6w,As Músicas da Carochinha Vol. 2 -Eu Perdi o Dó Da Minha Viola,15 615 945 katselukertaa,3.37,/@VidiscoKids
EFD9BLgMVK8,NBA Halftimeshow Dallas Mavericks - Viola Brand - Supergirl on Bike,14 263 980 katselukertaa,5.44,/@Violalovescycling
_JALXA3NgsU,Viola Wills - gonna get along without you now (lp) original version (1979),12 846 440 katselukertaa,5.16,/@marvinkevlar07
aCFnzSCzoYA,Bohemian Rhapsody for Symphony Orchestra and Solo Viola - THE STUDIO RECORDING,10 859 010 katselukertaa,7.06,/@NicholasHersh
WT9jOZLFaEY,"CHLOE CHUA / Menuhin Competition 2018, Junior finals",10 447 408 katselukertaa,16.01,/@MenuhinCompetition
UntwZLd6lQQ,Viola - A film directed by Biju Viswanath | Pocket Films,8 643 636 katselukertaa,1.19.02,/@pocketfilms
BiWSPq2OX2k,Vanny Vabiola full album 2021 tembang kenangan,8 339 001 katselukertaa,52.24,/@JayaMulyana165
UPXnFDeTrJc,Poeira / Viola Cabocla / Respeita Os Bigode Grosso (Ao Vivo Em Ilha Solteira / 2019),7 765 013 katselukertaa,4.32,/channel/UC6W-Xbo0WTJlMt7lefR97hA
XmC7I5caQ8w,Bruna Viola - Viola Divina,7 221 480 katselukertaa,2.38,/channel/UCIjP9TTMtv5yH4AwUndeaew
pgUC-CkEF8w,Viola   Dikur te deshta Eurolindi & ETC,7 023 577 katselukertaa,4.44,/@Eurolindi
fx4m0rLH9qQ,"Chora, Viola / Caminheiro / Ladrão De Mulher / O Campeão / A Vaca Já Foi Pro Brejo (Ao Vivo...",6 669 230 katselukertaa,5.59,/channel/UCL64gn1KZ1C-u87BGQv3b6w
