Video Id,Title,View Count,Length,Channel
I9QGpHScGug,Wilkinson - Afterglow,82 245 140 katselukertaa,2.52,/channel/UCtaTjkogAC3Xh5J-ZPdX0BQ
zrX5zrPoZoM,Wilkinson - Half Light ft. Tom Cane,9 941 060 katselukertaa,6.02,/channel/UCtaTjkogAC3Xh5J-ZPdX0BQ
yU896nvfMy0,Wilkinson - Used To This (ft. Issey Cross),12 174 104 katselukertaa,3.47,/@UKFDrumandBass
OYzCe1T_Gpg,Wilkinson - Sweet Lies ft. Karen Harding,14 866 191 katselukertaa,3.51,/channel/UCtaTjkogAC3Xh5J-ZPdX0BQ
pX9fj016SA8,Wilkinson - Close Your Eyes (feat. iiola) (Official Video),1 255 270 katselukertaa,4.45,/channel/UCtaTjkogAC3Xh5J-ZPdX0BQ
TRh-amAhOEw,"SUB FOCUS x WILKINSON @ Corfe Castle, Dorset",3 124 203 katselukertaa,1.03.32,/@Mixmag
6GXmXdliMMY,Sub Focus & Wilkinson Essential Mix - BBC Radio 1,1 310 675 katselukertaa,2.00.33,/channel/UCWkMMrVPVVNxuJFHv4ApiDg
xyMP1XA-Aa0,"Wilkinson - Infinity (ft. ILIRA, iiola & Tom Cane)",498 275 katselukertaa,3.34,/@UKFDrumandBass
mzEHH5GrZCc,Wilkinson | Let It Roll Winter 2020,254 233 katselukertaa,1.00.07,/@LetItRollfestival
TlV1TkA2S3E,Wilkinson - All For You (Audio) ft. Karen Harding,4 492 959 katselukertaa,3.23,/channel/UCtaTjkogAC3Xh5J-ZPdX0BQ
X44y3TrtgGQ,Rampage Open Air 2023 - Wilkinson,62 528 katselukertaa,58.53,/@WeAreRampageEvents
-Lfw-kqBdwM,"Wilkinson - Infinity (featuring ILIRA, Tom Cane & iiola)",103 768 katselukertaa,3.34,/channel/UCtaTjkogAC3Xh5J-ZPdX0BQ
6FaVDPDdCWs,"Drum&Bass - Wilkinson, Sub Focus, Maduk, Delta Heavy, Dimension, Andromedik, Sigma, - UKF, Liquicity",261 388 katselukertaa,46.05,/@YoloMusic_
qNTnz4xKPh4,Wilkinson LIVE @ Brixton Academy,399 305 katselukertaa,1.22.04,/channel/UCtaTjkogAC3Xh5J-ZPdX0BQ
hY2IB2gGC14,Wilkinson & Becky Hill - Here For You,3 044 999 katselukertaa,3.47,/@UKFDrumandBass
kKWX3C_odcc,Wilkinson - Used To This (feat. Issey Cross) (Official Video),5 731 236 katselukertaa,2.42,/channel/UCtaTjkogAC3Xh5J-ZPdX0BQ
CcBWce77Ff4,Wilkinson - Feel So High (Official Audio),461 107 katselukertaa,4.18,/channel/UCtaTjkogAC3Xh5J-ZPdX0BQ
8wmnuZHzUeo,Wilkinson - Breathe ft. Shannon Saunders,5 411 537 katselukertaa,3.36,/channel/UCtaTjkogAC3Xh5J-ZPdX0BQ
zgWlcyVwFB4,Wilkinson DJ set | Let It Roll 2018,620 071 katselukertaa,1.01.45,/@LetItRollfestival
