Video Id,Title,View Count,Length,Channel
vqORJHyNWJc,"One Man, Six Wives And 29 Children: A Polygamous Family | Real Stories Full-Length Documentary",12 612 551 katselukertaa,49.34,/@RealStories
Wd60y_dCDAc,The Wives He Forgot - Full Movie | Great! Action Movies,559 918 katselukertaa,1.30.10,/@greatmoviesaction
ic_OnNRsKQs,Sister Wives - Tony's Controversial Hot Take On Season 18 Episode 4,35 215 katselukertaa,13.33,/@realiteasquad
EzAUU09oQIw,Sister Wives | S18 E4 A Deal With the Devil,7 236 katselukertaa,1.27.28,/@realityrecapped
22ivHljlJJU,27 Minutes Of Cheating Wives Caught RED HANDED 2023,343 793 katselukertaa,27.23,/@manhood01
csh97_r1jwQ,Paul McCartney - Women And Wives (Official Lyric Video),507 853 katselukertaa,2.54,/channel/UCvGnJy9RnXX0kGSnDPKCZzQ
UeVkzoaffyo,#pov the kings ex wives haunt him in his sleep.,547 888 katselukertaa,4.21,/@HollynnRagland
5bf7_nB7IVM,The Six Wives of Henry VIII Documentary,1 063 270 katselukertaa,4.30.20,/@PeopleProfiles
dzZP6GgG9n4,"One Man, Six Wives And 29 Children (Polygamist Documentary) | Absolute Documentaries",107 208 katselukertaa,48.01,/@AbsoluteDocumentaries
du0VTUiQbKk,The Wives He Forgot | Full Thriller Movie,25 343 katselukertaa,1.30.11,/@MediatimeNetwork
bU3KK-wuCUY,Psychologist & Wife React to Sister Wives Season 18 e.4,70 591 katselukertaa,19.35,/@PopPsych
NH9Wb7-rYgU,"'Sister Wives' Star Robyn Brown Says Life with Kody Has Been ""Hell"" at Times Amid Splits | PEOPLE",115 772 katselukertaa,4.02,/@People
9mxIYSg9mfo,WIVES OF LUCIFER 1 (THE MOVIE) - 2023 LATEST NIGERIAN NOLLYWOOD MOVIES,162 387 katselukertaa,57.03,/@LOUIS_PTV
aNkvQiozuOQ,【Six The Musical 】Ex-Wives | Lyric Video,3 551 013 katselukertaa,5.59,/@CitrusCidd
i-Pm5092a0c,'My Five Wives': A Different Look at Modern Polygamy,11 457 825 katselukertaa,7.33,/@ABCNews
h_CE2UkRknw,Do Wives Have to Be Submissive?,59 226 katselukertaa,10.16,/@AscensionPresents
BGztdO-GWsw,The Moon Will Sing (Lyric Video) - The Crane Wives,1 219 158 katselukertaa,3.40,/channel/UCQ1ctrffvMbPct8cPOJL6xQ
AacPUFMze_M,Ex-Wives || from “Six” the musical,647 903 katselukertaa,1.54,/@CrazyCae
nGsoTnZB6bk,Sister Wives: Janelle Considers MOVING AWAY Amid Tension With Kody (Exclusive),26 593 katselukertaa,2.35,/@EntertainmentTonight
Y9y0fnqA3Rg,Breaking News! Shameful! Kody Brown And Aurora Drops New Newlyweds To Be | It Will Shock You,258 986 katselukertaa,3.13,/@sisterwivesshow9889
