Video Id,Title,View Count,Length,Channel
3hBAw-TCCzg,Lenovo Workstations: Introducing the All New ThinkPad P16,95 200 katselukertaa,0.34,/@Lenovo
z-PnNfgIpgg,Building a 4K Workstation with Dennis!,2 541 023 katselukertaa,9.55,/@LinusTechTips
x1lTUu6UJIs,"Reclining Workstation with 65"" Monitor",57 462 katselukertaa,1.00,/@Ergoquest
SmHwP_yV5WE,REVEALED 👉 World's MOST POWERFUL Creator PC! | AMD 5995wx + 3x RTX 4090 Workstation [OPPENHEIMER PC],332 031 katselukertaa,58.45,/@theTechNotice
ny1MoNuPZ7w,Top 5 BEST Keyboard Workstations of 2023,13 012 katselukertaa,13.28,/@TheReviewSquads
p8AvcO2yOH0,Lenovo Workstations: Introducing the ThinkStation P360 Ultra,28 908 katselukertaa,1.08,/@Lenovo
aSxomAgD8s4,YOU Get a Supercomputer! - Supermicro AI Workstation @ CES,1 506 541 katselukertaa,15.14,/@LinusTechTips
aYF3IDstgNM,"$30,000 WORK STATION! #workstation #pc #pcbuild #gamingpc #pcgaming #egirl #gamerguy",14 682 katselukertaa,0.33,/@GamerTechToronto
Kr9N0_RRDm4,Dell's Value 1U GPU Xeon Workstation,64 267 katselukertaa,21.43,/@ServeTheHomeVideo
Qqu3B97qb4w,Save your body from your DESK - Levus Zero Gravity Workstation,1 336 737 katselukertaa,14.52,/@LinusTechTips
ZDxLa6P6exc,"SGI Indigo2: An $86,000 Workstation from 1995",1 914 511 katselukertaa,12.01,/@LGR
ABNoghXgono,Looney Tune - Workstation (M.I.K.E's Energized Remix),74 478 katselukertaa,8.32,/@bonzaiallstars
E_an5heI1BU,The ULTRA Mini Workstation from Lenovo... the ThinkStation P360 Ultra,184 570 katselukertaa,18.48,/@ServeTheHomeVideo
KpBWaiWcXAk,"Workstation vs Desktop, what is the difference",48 899 katselukertaa,10.24,/@MediamanStudioServices
zpGZ3rZQ90I,Build a Developer's Linux Workstation - Complete Guide,425 791 katselukertaa,1.28.11,/@Dronebotworkshop
jUAvfXZC5Kg,$50000 Intel Xeon gold 6240 4EA & RTX 3090 8EA Ultimate Workstation,359 626 katselukertaa,13.04,/@yangcomkorea3174
4kiAbt16_B0,Workstation (Original Mix),9 385 katselukertaa,8.52,/channel/UCvGSQy05AUFju8ipu4UVs1Q
OKHNIaj2Ym0,Top 5 Best Workstation PC,15 955 katselukertaa,9.57,/@Techfluencer
uLk7uSFd8DE,Dell Precision Workstations (2021) Family Overview,42 631 katselukertaa,1.00,/@Dell
